HomeTeam,AwayTeam,Matchweek,Season,PH,PD,PA,Pred
Liverpool,Bournemouth,1,25_26,0.8166981630810525,0.096378050976621,0.08692378594232648,H
Aston Villa,Newcastle,1,25_26,0.33171015310354424,0.18800675094819247,0.480283095948263,A
Brighton,Fulham,1,25_26,0.4102781738439819,0.26880498905301614,0.32091683710300195,H
Sunderland,West Ham,1,25_26,0.26897732862016005,0.37707886912747035,0.3539438022523696,D
Tottenham,Burnley,1,25_26,0.8083414301953169,0.10984767025469971,0.08181089954998357,H
Wolves,Man City,1,25_26,0.10866536924369423,0.2761811552992091,0.6151534754570964,A
Chelsea,Crystal Palace,1,25_26,0.5137349069962908,0.39439121518191705,0.0918738778217921,H
Nott'm Forest,Brentford,1,25_26,0.5187333124074114,0.2687268909233342,0.21253979666925468,H
Man United,Arsenal,1,25_26,0.21459903235259475,0.33172917733889334,0.4536717903085118,A
Leeds,Everton,1,25_26,0.2939761739346275,0.2756306604985435,0.43039316556682916,A
West Ham,Chelsea,2,25_26,0.07598611900846997,0.1375177418004592,0.7864961391910706,A
Man City,Tottenham,2,25_26,0.47085257944492753,0.2606978618251339,0.2684495587299385,H
Bournemouth,Wolves,2,25_26,0.6454460693092107,0.18841059012102196,0.16614334056976715,H
Brentford,Aston Villa,2,25_26,0.440745769999792,0.31066900956161336,0.24858522043859466,H
Burnley,Sunderland,2,25_26,0.34705777147184963,0.2650041889454764,0.3879380395826742,A
Arsenal,Leeds,2,25_26,0.7344496335764735,0.16768160833011822,0.09786875809340831,H
Crystal Palace,Nott'm Forest,2,25_26,0.4373073932482372,0.17030006318972313,0.39239254356203995,H
Everton,Brighton,2,25_26,0.31275227247693743,0.3743113507459202,0.31293637677714287,D
Fulham,Man United,2,25_26,0.22264671721679644,0.36038673490370227,0.4169665478795013,A
Newcastle,Liverpool,2,25_26,0.4933437995880223,0.16796698465279106,0.33868921575918665,H
Aston Villa,Crystal Palace,3,25_26,0.484187885483225,0.2660791820649751,0.24973293245180006,H
Chelsea,Fulham,3,25_26,0.5561832349248871,0.32924662667187937,0.11457013840323359,H
Man United,Burnley,3,25_26,0.6599658114732749,0.2044078446816648,0.13562634384506025,H
Sunderland,Brentford,3,25_26,0.3089719996648429,0.28577100270903416,0.4052569976261231,A
Tottenham,Bournemouth,3,25_26,0.4811875082293588,0.40705356674125054,0.11175892502939085,H
Wolves,Everton,3,25_26,0.4092556210269842,0.3458362874770394,0.24490809149597653,H
Leeds,Newcastle,3,25_26,0.28812496770158674,0.20774439085265514,0.5041306414457584,A
Brighton,Man City,3,25_26,0.1489205930100327,0.23448465238898744,0.6165947546009793,A
Nott'm Forest,West Ham,3,25_26,0.5743354934326712,0.2263818795851298,0.19928262698219842,H
Liverpool,Arsenal,3,25_26,0.2929073508095235,0.3336929016463672,0.37339974754410915,A
Arsenal,Nott'm Forest,4,25_26,0.817438221947057,0.10786418075735552,0.07469759729558732,H
Bournemouth,Brighton,4,25_26,0.3940587598683024,0.29872235043816703,0.30721888969353084,H
Crystal Palace,Sunderland,4,25_26,0.5632030300114327,0.31572644556313845,0.1210705244254285,H
Everton,Aston Villa,4,25_26,0.3381796017825211,0.42317363250748974,0.23864676570998933,D
Fulham,Leeds,4,25_26,0.5045402506374663,0.2572735637822567,0.23818618558027718,H
Newcastle,Wolves,4,25_26,0.5780063391344434,0.2566572689638954,0.16533639190166136,H
West Ham,Tottenham,4,25_26,0.33093037157502586,0.26658022951521504,0.4024893989097591,A
Brentford,Chelsea,4,25_26,0.14155707122851113,0.23759444918047715,0.6208484795910117,A
Burnley,Liverpool,4,25_26,0.16485593729068213,0.11372589833966558,0.7214181643696521,A
Man City,Man United,4,25_26,0.5752976717134485,0.20390996509943046,0.22079236318712095,H
Liverpool,Everton,5,25_26,0.8064405744391213,0.11934665255017116,0.07421277301070736,H
Bournemouth,Newcastle,5,25_26,0.41224122011699765,0.25964312742611806,0.3281156524568844,H
Brighton,Tottenham,5,25_26,0.41048548092414144,0.2791292969739391,0.31038522210191904,H
Burnley,Nott'm Forest,5,25_26,0.3090157871894923,0.2751844408836486,0.4157997719268593,A
West Ham,Crystal Palace,5,25_26,0.4443366520528935,0.2696947754966594,0.28596857245044704,H
Wolves,Leeds,5,25_26,0.4555718958191275,0.26007567892610284,0.2843524252547699,H
Man United,Chelsea,5,25_26,0.31209737567655915,0.382788515036694,0.3051141092867471,D
Fulham,Brentford,5,25_26,0.4330054281539514,0.3042980030897468,0.2626965687563022,H
Sunderland,Aston Villa,5,25_26,0.28542166622765014,0.3014098169550676,0.4131685168172828,A
Arsenal,Man City,5,25_26,0.5077745496634872,0.27701289433417275,0.21521255600234038,H
Brentford,Man United,6,25_26,0.48016991952409305,0.14579115947357857,0.3740389210023285,H
Aston Villa,Fulham,6,25_26,0.528179094021541,0.2777653026736288,0.19405560330483046,H
Chelsea,Brighton,6,25_26,0.5142270616121316,0.35534662481019114,0.13042631357767723,H
Crystal Palace,Liverpool,6,25_26,0.16082469376014907,0.26188744645662354,0.5772878597832274,A
Leeds,Bournemouth,6,25_26,0.3952181153222126,0.23658027347231236,0.368201611205475,H
Man City,Burnley,6,25_26,0.7840449207821834,0.1523213759686077,0.06363370324920867,H
Nott'm Forest,Sunderland,6,25_26,0.6247399928899063,0.20885054538202621,0.16640946172806728,H
Tottenham,Wolves,6,25_26,0.5649090824398463,0.30164582014891966,0.13344509741123398,H
Newcastle,Arsenal,6,25_26,0.2232300110064457,0.30518616032282025,0.47158382867073406,A
Everton,West Ham,6,25_26,0.2910518214109722,0.4467624587747564,0.2621857198142713,D
Arsenal,West Ham,7,25_26,0.7662539827311031,0.16035546373425663,0.07339055353464025,H
Aston Villa,Burnley,7,25_26,0.6848479757069096,0.19042301074128803,0.12472901355180224,H
Bournemouth,Fulham,7,25_26,0.3316323423785488,0.27296129213649634,0.3954063654849547,A
Brentford,Man City,7,25_26,0.16148299339424438,0.19194089999955685,0.6465761066061982,A
Chelsea,Liverpool,7,25_26,0.18103937007224405,0.6732344717254228,0.1457261582023335,D
Everton,Crystal Palace,7,25_26,0.4411028803010769,0.29512931960572175,0.2637678000932013,H
Leeds,Tottenham,7,25_26,0.1154837930199335,0.26145926830817573,0.6230569386718909,A
Man United,Sunderland,7,25_26,0.6377410317057244,0.20716071445790693,0.15509825383636844,H
Newcastle,Nott'm Forest,7,25_26,0.5757568579237937,0.26443223704414703,0.15981090503205897,H
Wolves,Brighton,7,25_26,0.3770859377541719,0.2989889898791718,0.3239250723666563,H
Brighton,Newcastle,8,25_26,0.2736409197322947,0.15121529988141516,0.5751437803862903,A
Burnley,Leeds,8,25_26,0.32302425623874503,0.2579698528422817,0.41900589091897306,A
Crystal Palace,Bournemouth,8,25_26,0.38255844806247713,0.18224016386869746,0.4352013880688256,A
Fulham,Arsenal,8,25_26,0.15204313520969906,0.1624885018743866,0.6854683629159137,A
Liverpool,Man United,8,25_26,0.5439063113060296,0.27489883945860427,0.18119484923536627,H
Man City,Everton,8,25_26,0.8147444594057427,0.12114453379607625,0.06411100679818092,H
Nott'm Forest,Chelsea,8,25_26,0.31292473146289335,0.19922845054099658,0.48784681799610996,A
Sunderland,Wolves,8,25_26,0.3187408368000231,0.2971796780833091,0.38407948511666795,A
Tottenham,Aston Villa,8,25_26,0.4748698529109517,0.2516499018670235,0.2734802452220247,H
West Ham,Brentford,8,25_26,0.29882475549406184,0.3200285767520519,0.3811466677538865,A
Arsenal,Crystal Palace,9,25_26,0.8008725589864484,0.13757970193824462,0.061547739075307153,H
Aston Villa,Man City,9,25_26,0.20341495254870132,0.3157468250179836,0.480838222433315,A
Bournemouth,Nott'm Forest,9,25_26,0.43810512985344163,0.12265004237427675,0.4392448277722816,A
Brentford,Liverpool,9,25_26,0.15205102642046267,0.17760561931604907,0.6703433542634877,A
Chelsea,Sunderland,9,25_26,0.8191890333399685,0.0739890619955135,0.10682190466451828,H
Everton,Tottenham,9,25_26,0.3119523787986104,0.3120884223685119,0.37595919883287765,A
Leeds,West Ham,9,25_26,0.37034608753386605,0.29284619781883586,0.33680771464729814,H
Man United,Brighton,9,25_26,0.586936080439391,0.22340837617680176,0.18965554338380722,H
Newcastle,Fulham,9,25_26,0.5622929302792113,0.29630909057182003,0.14139797914896907,H
Wolves,Burnley,9,25_26,0.5070097642652241,0.24621762544339565,0.24677261029138042,H
Brighton,Leeds,10,25_26,0.6585864138508623,0.1897601549056879,0.1516534312434502,H
Burnley,Arsenal,10,25_26,0.24104831156092896,0.09483624180365242,0.6641154466354184,A
Crystal Palace,Brentford,10,25_26,0.4910501104587244,0.24120259355196286,0.2677472959893127,H
Fulham,Wolves,10,25_26,0.44638793267349164,0.3140196941443822,0.23959237318212645,H
Liverpool,Aston Villa,10,25_26,0.6554551371087026,0.20706403266662263,0.13748083022467483,H
Man City,Bournemouth,10,25_26,0.8376742305964451,0.11769124597453451,0.044634523429019794,H
Nott'm Forest,Man United,10,25_26,0.4165587842595251,0.16912634801726142,0.4143148677232137,H
Sunderland,Everton,10,25_26,0.3112313516327985,0.30098506297645394,0.38778358539074703,A
Tottenham,Chelsea,10,25_26,0.3703195295434769,0.28556276960081656,0.3441177008557063,H
West Ham,Newcastle,10,25_26,0.2813304304307908,0.4320973791932669,0.28657219037594234,D
Aston Villa,Bournemouth,11,25_26,0.4489403790479843,0.29655338954661475,0.254506231405401,H
Brentford,Newcastle,11,25_26,0.3521108997406892,0.28922813369389794,0.35866096656541285,A
Chelsea,Wolves,11,25_26,0.489211162355881,0.38164852724990994,0.12914031039420912,H
Crystal Palace,Brighton,11,25_26,0.5051584112665171,0.2313622232510554,0.26347936548242745,H
Everton,Fulham,11,25_26,0.3196200303695682,0.44227320072511894,0.2381067689053132,D
Man City,Liverpool,11,25_26,0.26421613609031647,0.5552362006143668,0.18054766329531685,D
Nott'm Forest,Leeds,11,25_26,0.7139931827959588,0.16071878148739405,0.12528803571664704,H
Sunderland,Arsenal,11,25_26,0.1372910333206316,0.07973813688239656,0.7829708297969715,A
Tottenham,Man United,11,25_26,0.4697705684512631,0.2098304386239267,0.3203989929248103,H
West Ham,Burnley,11,25_26,0.523599931354066,0.2985904415270871,0.17780962711884668,H
Arsenal,Tottenham,12,25_26,0.4403333752041203,0.2962009159629186,0.2634657088329612,H
Bournemouth,West Ham,12,25_26,0.33546621901220774,0.22377644593102416,0.44075733505676795,A
Brighton,Brentford,12,25_26,0.5890994029319765,0.2097297691528847,0.20117082791513888,H
Burnley,Chelsea,12,25_26,0.12410716939712799,0.11191018273056522,0.7639826478723071,A
Fulham,Sunderland,12,25_26,0.49137764724657834,0.31167200982326976,0.19695034293015154,H
Leeds,Aston Villa,12,25_26,0.2630846584397889,0.43101351438597446,0.30590182717423653,D
Liverpool,Nott'm Forest,12,25_26,0.8415312244972575,0.09275605144724243,0.06571272405549977,H
Man United,Everton,12,25_26,0.6202355272737635,0.26143799490281533,0.1183264778234214,H
Newcastle,Man City,12,25_26,0.481941863135901,0.17853575749731648,0.33952237936678265,H
Wolves,Crystal Palace,12,25_26,0.42238628038626197,0.2594513068298451,0.31816241278389285,H
Aston Villa,Wolves,13,25_26,0.5273785548217164,0.32757351243269134,0.14504793274559244,H
Brentford,Burnley,13,25_26,0.6584631160582122,0.1947387794454668,0.1467981044963213,H
Chelsea,Arsenal,13,25_26,0.18351877104069791,0.35607281913862976,0.46040840982067227,A
Crystal Palace,Man United,13,25_26,0.40380005044905054,0.18672735377276467,0.409472595778185,A
Everton,Newcastle,13,25_26,0.22034053016460106,0.17885862374136838,0.6008008460940307,A
Man City,Leeds,13,25_26,0.8027436583372067,0.1575700569422283,0.03968628472056501,H
Nott'm Forest,Brighton,13,25_26,0.4880570220682692,0.2065849124947344,0.30535806543699645,H
Sunderland,Bournemouth,13,25_26,0.32655465214849344,0.27976507523643285,0.3936802726150737,A
Tottenham,Fulham,13,25_26,0.41949427528063427,0.3681107952570545,0.21239492946231098,H
West Ham,Liverpool,13,25_26,0.12023487049735214,0.1785989685239313,0.7011661609787164,A
Arsenal,Brentford,14,25_26,0.7292838304339507,0.14502932752803777,0.12568684203801148,H
Bournemouth,Everton,14,25_26,0.42285080712404205,0.12682896838633165,0.45032022448962633,A
Brighton,Aston Villa,14,25_26,0.4536376449339904,0.23671277736013246,0.30964957770587714,H
Burnley,Crystal Palace,14,25_26,0.30796531255749027,0.2756576169733985,0.41637707046911143,A
Fulham,Man City,14,25_26,0.14772755337982751,0.21711772083930128,0.6351547257808711,A
Leeds,Chelsea,14,25_26,0.1689398378768153,0.24600912935779576,0.5850510327653892,A
Liverpool,Sunderland,14,25_26,0.7831554884219134,0.11258663633081335,0.1042578752472731,H
Man United,West Ham,14,25_26,0.5514621325117067,0.27774886911502056,0.17078899837327302,H
Newcastle,Tottenham,14,25_26,0.403355096051904,0.24382475144654372,0.35282015250155263,H
Wolves,Nott'm Forest,14,25_26,0.3958991710828295,0.33018880286119456,0.273912026055976,H
Aston Villa,Arsenal,15,25_26,0.2159596380069721,0.31951122760462886,0.46452913438839905,A
Bournemouth,Chelsea,15,25_26,0.14518461342594075,0.27083690071146904,0.5839784858625902,A
Brighton,West Ham,15,25_26,0.5889986188781972,0.18343412827150454,0.22756725285029802,H
Everton,Nott'm Forest,15,25_26,0.390449170857475,0.17770891742031633,0.43184191172220837,A
Fulham,Crystal Palace,15,25_26,0.4753062064527133,0.2539699942752225,0.2707237992720639,H
Leeds,Liverpool,15,25_26,0.16600990821895314,0.2245937475529287,0.609396344228118,A
Man City,Sunderland,15,25_26,0.7992708237809999,0.10643764428106345,0.09429153193793657,H
Newcastle,Burnley,15,25_26,0.7391838065552558,0.14655757737229683,0.1142586160724475,H
Tottenham,Brentford,15,25_26,0.46016552970756225,0.36422119523065283,0.17561327506178506,H
Wolves,Man United,15,25_26,0.18979076294339423,0.3906290332938825,0.41958020376272337,A
Arsenal,Wolves,16,25_26,0.5559348593330079,0.3018438752558788,0.14222126541111346,H
Brentford,Leeds,16,25_26,0.5158547773853186,0.24456076947839242,0.2395844531362895,H
Burnley,Fulham,16,25_26,0.3007497191219092,0.2903625307417483,0.4088877501363425,A
Chelsea,Everton,16,25_26,0.5525255001510312,0.3009448566020941,0.1465296432468746,H
Crystal Palace,Man City,16,25_26,0.1853359151361898,0.17608317993975844,0.6385809049240515,A
Liverpool,Brighton,16,25_26,0.6103156239169242,0.27128621716318446,0.11839815891989167,H
Man United,Bournemouth,16,25_26,0.5357923595618723,0.2986656977114405,0.16554194272668726,H
Nott'm Forest,Tottenham,16,25_26,0.4668388995799723,0.16060688808650822,0.37255421233351943,H
Sunderland,Newcastle,16,25_26,0.1453083495097062,0.21145648768777228,0.6432351628025216,A
West Ham,Aston Villa,16,25_26,0.39870527314886267,0.33817469549431595,0.2631200313568215,H
Aston Villa,Man United,17,25_26,0.4471630109104421,0.21363803622407743,0.3391989528654802,H
Bournemouth,Burnley,17,25_26,0.6453684660873074,0.20718805554514177,0.14744347836755053,H
Brighton,Sunderland,17,25_26,0.6397981135278842,0.21624746996300995,0.1439544165091058,H
Everton,Arsenal,17,25_26,0.15386685769104755,0.18263253482995465,0.6635006074789976,A
Fulham,Nott'm Forest,17,25_26,0.36424492544314424,0.16677685859919264,0.468978215957663,A
Leeds,Crystal Palace,17,25_26,0.3591679001098793,0.26277918767218816,0.37805291221793236,A
Man City,West Ham,17,25_26,0.7978204165756572,0.15331025421165406,0.04886932921268832,H
Newcastle,Chelsea,17,25_26,0.6946818216971079,0.12239025711459495,0.18292792118829737,H
Tottenham,Liverpool,17,25_26,0.2620937148607559,0.2741317662164655,0.4637745189227782,A
Wolves,Brentford,17,25_26,0.4306049797301423,0.23405779898431342,0.3353372212855446,H
Arsenal,Brighton,18,25_26,0.6468038980381089,0.2244762962592723,0.12871980570261857,H
Brentford,Bournemouth,18,25_26,0.33816881480655353,0.15180598028095965,0.510025204912487,A
Burnley,Everton,18,25_26,0.3013944239023878,0.2600744576800824,0.4385311184175296,A
Chelsea,Aston Villa,18,25_26,0.5324963084562049,0.3528832427987739,0.11462044874502113,H
Crystal Palace,Tottenham,18,25_26,0.4108599455904274,0.1778351156349152,0.41130493877465774,A
Liverpool,Wolves,18,25_26,0.6442573833974661,0.24188536855358966,0.11385724804894451,H
Man United,Newcastle,18,25_26,0.3620892567956295,0.24375710283555602,0.3941536403688146,A
Nott'm Forest,Man City,18,25_26,0.2558362867783206,0.2395855348374608,0.5045781783842185,A
Sunderland,Leeds,18,25_26,0.3036286111769598,0.23560132673961254,0.4607700620834272,A
West Ham,Fulham,18,25_26,0.2998011056774589,0.35115462087552324,0.3490442734470181,D
Arsenal,Aston Villa,19,25_26,0.7349995934545618,0.18603290201967587,0.07896750452576251,H
Brentford,Tottenham,19,25_26,0.4849072258495744,0.16536475812991966,0.34972801602050624,H
Burnley,Newcastle,19,25_26,0.1650517730022984,0.17943425031615198,0.6555139766815499,A
Chelsea,Bournemouth,19,25_26,0.5387480089269585,0.3532649989799922,0.10798699209304931,H
Crystal Palace,Fulham,19,25_26,0.355476729756776,0.18375569635196035,0.46076757389126377,A
Liverpool,Leeds,19,25_26,0.7697997872063166,0.1464303505235404,0.08376986227014317,H
Man United,Wolves,19,25_26,0.46308300787709056,0.3510785827356104,0.1858384093872995,H
Nott'm Forest,Everton,19,25_26,0.38283204340344484,0.2220276640974994,0.39514029249905597,A
Sunderland,Man City,19,25_26,0.09012725779442679,0.0961519220619271,0.8137208201436458,A
West Ham,Brighton,19,25_26,0.34977392650087236,0.30139596155504755,0.34883011194408,H
Aston Villa,Nott'm Forest,20,25_26,0.48076233615670827,0.30239815255687397,0.21683951128641812,H
Bournemouth,Arsenal,20,25_26,0.26882700177176244,0.1720221209767688,0.5591508772514684,A
Brighton,Burnley,20,25_26,0.7052604089043927,0.1793533249894943,0.11538626610611308,H
Everton,Brentford,20,25_26,0.38494250305436334,0.2841452957435768,0.33091220120206005,H
Fulham,Liverpool,20,25_26,0.16719597506965866,0.1370071600015438,0.6957968649287972,A
Leeds,Man United,20,25_26,0.17252596194033837,0.19709762174839193,0.6303764163112701,A
Man City,Chelsea,20,25_26,0.6584445367541022,0.17489344225047299,0.16666202099542501,H
Newcastle,Crystal Palace,20,25_26,0.4778747833475179,0.32776608414759084,0.19435913250489167,H
Tottenham,Sunderland,20,25_26,0.7562525674866214,0.1365403259714178,0.10720710654196101,H
Wolves,West Ham,20,25_26,0.3137068378161424,0.2749623673828866,0.41133079480097084,A
Arsenal,Liverpool,21,25_26,0.6537621544279494,0.22411935471730762,0.12211849085474304,H
Bournemouth,Tottenham,21,25_26,0.4654730300859282,0.1744018043539956,0.36012516556007634,H
Brentford,Sunderland,21,25_26,0.6205283493593196,0.18469846685140315,0.19477318378927733,H
Burnley,Man United,21,25_26,0.14196455005261507,0.2519707849834468,0.6060646649639382,A
Crystal Palace,Aston Villa,21,25_26,0.3681780204683289,0.26033619677239483,0.3714857827592763,A
Everton,Wolves,21,25_26,0.5013651938932755,0.19855091034041025,0.3000838957663145,H
Fulham,Chelsea,21,25_26,0.10811489015839722,0.2511547695592504,0.640730340282352,A
Man City,Brighton,21,25_26,0.6701792608499538,0.22777695891142932,0.10204378023861671,H
Newcastle,Leeds,21,25_26,0.7080779017107526,0.16808380144502966,0.12383829684421777,H
West Ham,Nott'm Forest,21,25_26,0.30742907759486593,0.25236863278987576,0.44020228961525837,A
Aston Villa,Everton,22,25_26,0.5371916974549099,0.31031523201463257,0.15249307053045805,H
Brighton,Bournemouth,22,25_26,0.3849357307079042,0.2292699994228463,0.3857942698692493,A
Chelsea,Brentford,22,25_26,0.5293260288837435,0.3386256909460063,0.13204828017025036,H
Leeds,Fulham,22,25_26,0.2826180384738817,0.2771719055266241,0.44021005599949403,A
Liverpool,Burnley,22,25_26,0.791834924507341,0.14877839093294054,0.05938668455971822,H
Man United,Man City,22,25_26,0.3748927846069645,0.2311479006586932,0.39395931473434237,A
Nott'm Forest,Arsenal,22,25_26,0.3153416661905835,0.23375591424488376,0.4509024195645328,A
Sunderland,Crystal Palace,22,25_26,0.30953405768861375,0.26873048813433137,0.4217354541770546,A
Tottenham,West Ham,22,25_26,0.458797438500363,0.2745785597023947,0.26662400179724244,H
Wolves,Newcastle,22,25_26,0.22831794975826764,0.23770448133213742,0.5339775689095956,A
Arsenal,Man United,23,25_26,0.37995577840071976,0.38998428112977074,0.23005994046950964,D
Bournemouth,Liverpool,23,25_26,0.11768733949129974,0.22326706602891452,0.6590455944797855,A
Brentford,Nott'm Forest,23,25_26,0.35888050110798664,0.16991028904267041,0.4712092098493432,A
Burnley,Tottenham,23,25_26,0.13687954667284044,0.2506514320172978,0.6124690213098618,A
Crystal Palace,Chelsea,23,25_26,0.21073810954079944,0.33410598164779703,0.45515590881140366,A
Everton,Leeds,23,25_26,0.5748498964799107,0.218191509336939,0.20695859418315052,H
Fulham,Brighton,23,25_26,0.36588569130135606,0.27595164333604966,0.35816266536259406,H
Man City,Wolves,23,25_26,0.7022555109828017,0.1927146937701085,0.10502979524708993,H
Newcastle,Aston Villa,23,25_26,0.44757880884530316,0.3311908468884282,0.22123034426626892,H
West Ham,Sunderland,23,25_26,0.5504564256779755,0.23938131503316734,0.21016225928885707,H
Aston Villa,Brentford,24,25_26,0.5386204695964082,0.26216197769876454,0.19921755270482727,H
Brighton,Everton,24,25_26,0.5565013956596015,0.2110577944466595,0.23244080989373928,H
Chelsea,West Ham,24,25_26,0.7282136965303745,0.19671810972229933,0.07506819374732622,H
Leeds,Arsenal,24,25_26,0.24492929519164128,0.20050495897025883,0.5545657458380999,A
Liverpool,Newcastle,24,25_26,0.5058598749617911,0.30932361095803645,0.1848165140801724,H
Man United,Fulham,24,25_26,0.557670630757248,0.24998097818280798,0.1923483910599443,H
Nott'm Forest,Crystal Palace,24,25_26,0.7003349774666083,0.17064293636616296,0.12902208616722838,H
Sunderland,Burnley,24,25_26,0.458310305645137,0.2630351673849808,0.27865452696988263,H
Tottenham,Man City,24,25_26,0.4061922435347847,0.20129692482340134,0.39251083164181394,H
Wolves,Bournemouth,24,25_26,0.5819179913834939,0.21006715646203977,0.20801485215446688,H
Arsenal,Sunderland,25,25_26,0.7747475123604427,0.11073656437242815,0.11451592326712914,H
Bournemouth,Aston Villa,25,25_26,0.40147441906834386,0.23774095720450258,0.3607846237271535,H
Brighton,Crystal Palace,25,25_26,0.5158124492985977,0.2609849336781069,0.2232026170232957,H
Burnley,West Ham,25,25_26,0.2904709838905031,0.3604977784657446,0.34903123764375277,D
Fulham,Everton,25,25_26,0.41199053283114584,0.33246104259108455,0.2555484245777699,H
Leeds,Nott'm Forest,25,25_26,0.41477203536824303,0.2624167448076598,0.32281121982409744,H
Liverpool,Man City,25,25_26,0.3126565395769709,0.46790818700127035,0.2194352734217586,D
Man United,Tottenham,25,25_26,0.4835953852982422,0.2864209177778058,0.22998369692395176,H
Newcastle,Brentford,25,25_26,0.5610768503342497,0.2724709660335884,0.16645218363216213,H
Wolves,Chelsea,25,25_26,0.10669438457460202,0.3742293288808959,0.519076286544502,A
Aston Villa,Brighton,26,25_26,0.4285861948169646,0.3023360919402622,0.26907771324277324,H
Brentford,Arsenal,26,25_26,0.24994318685846756,0.17412431952155097,0.5759324936199809,A
Chelsea,Leeds,26,25_26,0.7291709978644599,0.1579839395039649,0.11284506263157494,H
Crystal Palace,Burnley,26,25_26,0.6005808512776596,0.2367346903455648,0.1626844583767752,H
Everton,Bournemouth,26,25_26,0.7353200230942395,0.12987794877172398,0.1348020281340364,H
Man City,Fulham,26,25_26,0.8150564115516405,0.13068972813595606,0.054253860312403174,H
Nott'm Forest,Wolves,26,25_26,0.6417185750828323,0.1642016810114678,0.19407974390570004,H
Sunderland,Liverpool,26,25_26,0.08624624726432158,0.12206824389230851,0.7916855088433696,A
Tottenham,Newcastle,26,25_26,0.5526359690136519,0.22894799967287932,0.21841603131346907,H
West Ham,Man United,26,25_26,0.38126785175227346,0.2435138417912531,0.3752183064564737,H
Aston Villa,Leeds,27,25_26,0.6597582219942484,0.2085650831563276,0.131676694849424,H
Brentford,Brighton,27,25_26,0.31329618789193164,0.18286109206428566,0.5038427200437829,A
Chelsea,Burnley,27,25_26,0.8872288422936722,0.06518703834040417,0.047584119365923945,H
Crystal Palace,Wolves,27,25_26,0.614020908490539,0.16703953911092279,0.21893955239853796,H
Everton,Man United,27,25_26,0.296323572989168,0.36457709336786864,0.33909933364296335,D
Man City,Newcastle,27,25_26,0.6478927411737019,0.24705057105290096,0.105056687773397,H
Nott'm Forest,Liverpool,27,25_26,0.221464149508138,0.2581012421342281,0.5204346083576339,A
Sunderland,Fulham,27,25_26,0.2949284437792391,0.25242707282900595,0.45264448339175467,A
Tottenham,Arsenal,27,25_26,0.24710362045608386,0.3001179580679558,0.45277842147596004,A
West Ham,Bournemouth,27,25_26,0.735881208647967,0.08944966368106562,0.1746691276709673,H
Arsenal,Chelsea,28,25_26,0.6896262040347646,0.1625941716448424,0.1477796243203933,H
Bournemouth,Sunderland,28,25_26,0.627165437158914,0.2145836593983628,0.15825090344272283,H
Brighton,Nott'm Forest,28,25_26,0.529709914762646,0.2376918703090726,0.232598214928282,H
Burnley,Brentford,28,25_26,0.18441319648308774,0.174939977560514,0.6406468259563987,A
Fulham,Tottenham,28,25_26,0.23384473256059748,0.34577915421016303,0.42037611322923923,A
Leeds,Man City,28,25_26,0.2360162767288747,0.21667091217012663,0.5473128111009985,A
Liverpool,West Ham,28,25_26,0.7785992559812559,0.16114018543193245,0.060260558586811376,H
Man United,Crystal Palace,28,25_26,0.5777180179392309,0.25271039743938334,0.16957158462138605,H
Newcastle,Everton,28,25_26,0.6075954461081642,0.2630820219268676,0.1293225319649688,H
Wolves,Aston Villa,28,25_26,0.4416865611813882,0.21264895566348976,0.34566448315512205,H
Aston Villa,Chelsea,29,25_26,0.23894740022022726,0.31415158197474097,0.4469010178050315,A
Bournemouth,Brentford,29,25_26,0.5289001489084415,0.27117371594616874,0.19992613514538982,H
Brighton,Arsenal,29,25_26,0.1819686044730236,0.18480201178384487,0.6332293837431315,A
Everton,Burnley,29,25_26,0.5581104982842197,0.23795747998811653,0.20393202172766392,H
Fulham,West Ham,29,25_26,0.32855343312483803,0.32397399856417625,0.34747256831098594,A
Leeds,Sunderland,29,25_26,0.5127450288411554,0.2521466753397614,0.23510829581908355,H
Man City,Nott'm Forest,29,25_26,0.8505230576415728,0.09918562021219365,0.05029132214623322,H
Newcastle,Man United,29,25_26,0.5990781182895191,0.24900605388580052,0.15191582782468036,H
Tottenham,Crystal Palace,29,25_26,0.40882908346892505,0.3198906383307633,0.27128027820031153,H
Wolves,Liverpool,29,25_26,0.13679847351848293,0.2881397186813818,0.5750618078001349,A
Arsenal,Everton,30,25_26,0.8144779395218594,0.1325421399436999,0.05297992053444069,H
Brentford,Wolves,30,25_26,0.3564089901982403,0.31875968983590547,0.3248313199658545,H
Burnley,Bournemouth,30,25_26,0.26274054288970117,0.34697444427730045,0.39028501283299905,A
Chelsea,Newcastle,30,25_26,0.5343474299569122,0.34223780310535107,0.12341476693773659,H
Crystal Palace,Leeds,30,25_26,0.6285440994611523,0.22090047784953948,0.15055542268930855,H
Liverpool,Tottenham,30,25_26,0.6021098226484035,0.2197817796480113,0.1781083977035853,H
Man United,Aston Villa,30,25_26,0.45990145638950786,0.23121232541293996,0.3088862181975522,H
Nott'm Forest,Fulham,30,25_26,0.38448867878713344,0.353608988358809,0.2619023328540577,H
Sunderland,Brighton,30,25_26,0.30074050510457584,0.24284088518644642,0.45641860970897813,A
West Ham,Man City,30,25_26,0.1588001455071607,0.28743558226506294,0.5537642722277761,A
Aston Villa,West Ham,31,25_26,0.5387086710721903,0.1981341308439283,0.2631571980838813,H
Bournemouth,Man United,31,25_26,0.376054477584595,0.28072235249607,0.3432231699193353,H
Brighton,Liverpool,31,25_26,0.145640062432673,0.25973942411282525,0.5946205134545016,A
Everton,Chelsea,31,25_26,0.10470108693623634,0.23463132380535484,0.660667589258409,A
Fulham,Burnley,31,25_26,0.5277342181355212,0.28543570177427113,0.1868300800902073,H
Leeds,Brentford,31,25_26,0.5102035239707232,0.20911543001468313,0.28068104601459365,H
Man City,Crystal Palace,31,25_26,0.8062402059195416,0.13558448657326957,0.05817530750718883,H
Newcastle,Sunderland,31,25_26,0.6519871021835683,0.1748709987148014,0.1731418991016304,H
Tottenham,Nott'm Forest,31,25_26,0.4447727299599882,0.3045266629257855,0.25070060711422604,H
Wolves,Arsenal,31,25_26,0.13766977457733437,0.3031723770052229,0.5591578484174426,A
Arsenal,Bournemouth,32,25_26,0.835610712091005,0.09521520651479617,0.0691740813941989,H
Brentford,Everton,32,25_26,0.2867703946276563,0.3091933322982106,0.40403627307413315,A
Burnley,Brighton,32,25_26,0.18123875970580475,0.27019890677967867,0.5485623335145168,A
Chelsea,Man City,32,25_26,0.47948725239401674,0.24147059649357666,0.2790421511124067,H
Crystal Palace,Newcastle,32,25_26,0.4886526072077174,0.2137983436547881,0.2975490491374948,H
Liverpool,Fulham,32,25_26,0.8101019900731464,0.12292373327889933,0.06697427664795426,H
Man United,Leeds,32,25_26,0.6517359688154173,0.23182178564089792,0.11644224554368514,H
Nott'm Forest,Aston Villa,32,25_26,0.40800312153242474,0.23600108050255192,0.3559957979650237,H
Sunderland,Tottenham,32,25_26,0.14324165211142312,0.24115482754180917,0.6156035203467678,A
West Ham,Wolves,32,25_26,0.3228906540802135,0.24241426637246832,0.43469507954731795,A
Aston Villa,Sunderland,33,25_26,0.6312181387169585,0.19724966599087426,0.17153219529216712,H
Brentford,Fulham,33,25_26,0.40418547521514936,0.2385720851850327,0.35724243959981794,H
Chelsea,Man United,33,25_26,0.6637722094923771,0.15450408395733725,0.1817237065502855,H
Crystal Palace,West Ham,33,25_26,0.5476166344520538,0.19694626915362748,0.255437096394319,H
Everton,Liverpool,33,25_26,0.18450415185787503,0.1661922634255565,0.6493035847165683,A
Leeds,Wolves,33,25_26,0.3400816843675635,0.29693453570201844,0.36298377993041836,A
Man City,Arsenal,33,25_26,0.3906063760178751,0.24399924671785997,0.3653943772642651,H
Newcastle,Bournemouth,33,25_26,0.48618327613537937,0.2791313519345691,0.23468537193005165,H
Nott'm Forest,Burnley,33,25_26,0.6778870313085928,0.1879282137606685,0.13418475493073878,H
Tottenham,Brighton,33,25_26,0.5089620294266226,0.2620533655882663,0.22898460498511128,H
Arsenal,Newcastle,34,25_26,0.6466664382046109,0.2683070224395652,0.08502653935582381,H
Bournemouth,Leeds,34,25_26,0.6997524814443944,0.1596414858535121,0.14060603270209343,H
Brighton,Chelsea,34,25_26,0.13272674464826092,0.19660480420798387,0.6706684511437552,A
Burnley,Man City,34,25_26,0.23551254251452092,0.1459187612037218,0.6185686962817573,A
Fulham,Aston Villa,34,25_26,0.32811309960934126,0.2056725584561792,0.46621434193447964,A
Liverpool,Crystal Palace,34,25_26,0.8024250361561678,0.1288221246253428,0.0687528392184897,H
Man United,Brentford,34,25_26,0.49471570938642356,0.36295098386521574,0.1423333067483607,H
Sunderland,Nott'm Forest,34,25_26,0.29316090908684916,0.2212076926971992,0.485631398215952,A
West Ham,Everton,34,25_26,0.34565058599584,0.23671774337747156,0.4176316706266885,A
Wolves,Tottenham,34,25_26,0.1960306309952418,0.33483773774668874,0.4691316312580694,A
Arsenal,Fulham,35,25_26,0.790715644251755,0.137147280271477,0.07213707547676822,H
Aston Villa,Tottenham,35,25_26,0.22922256553063705,0.26544728828699155,0.5053301461823712,A
Bournemouth,Crystal Palace,35,25_26,0.7067819886504317,0.1820670861455877,0.11115092520398055,H
Brentford,West Ham,35,25_26,0.4112993407279404,0.313458445273623,0.2752422139984369,H
Chelsea,Nott'm Forest,35,25_26,0.5359424904341383,0.3008073537446109,0.16325015582125077,H
Everton,Man City,35,25_26,0.17666301466548182,0.2570504816473191,0.566286503687199,A
Leeds,Burnley,35,25_26,0.5352125248630727,0.27422339436801385,0.1905640807689134,H
Man United,Liverpool,35,25_26,0.44841948522746655,0.2186488090024198,0.3329317057701136,H
Newcastle,Brighton,35,25_26,0.47190207229227343,0.333303104169858,0.19479482353786867,H
Wolves,Sunderland,35,25_26,0.46298840816649317,0.204160153804326,0.33285143802918116,H
Brighton,Wolves,36,25_26,0.6012575063866143,0.16454203776526632,0.23420045584811902,H
Burnley,Aston Villa,36,25_26,0.21008837956309903,0.3888707464062012,0.4010408740307001,A
Crystal Palace,Everton,36,25_26,0.32509348291904117,0.27151238530931054,0.40339413177164823,A
Fulham,Bournemouth,36,25_26,0.4720751393910733,0.28826200610074987,0.23966285450817718,H
Liverpool,Chelsea,36,25_26,0.33542919344657696,0.407564547122409,0.2570062594310141,D
Man City,Brentford,36,25_26,0.7384829054420943,0.15065173189321227,0.11086536266469325,H
Nott'm Forest,Newcastle,36,25_26,0.4620212699040779,0.1765678423658565,0.3614108877300661,H
Sunderland,Man United,36,25_26,0.14928048004775105,0.22257039923781738,0.6281491207144317,A
Tottenham,Leeds,36,25_26,0.5555645395754054,0.21814541013208597,0.22629005029250895,H
West Ham,Arsenal,36,25_26,0.21107560738150652,0.2541581227752181,0.5347662698432752,A
Arsenal,Burnley,37,25_26,0.7620515550163215,0.16485733684268056,0.0730911081409976,H
Aston Villa,Liverpool,37,25_26,0.2021737120513985,0.34380446205411636,0.45402182589448536,A
Bournemouth,Man City,37,25_26,0.23348237857617973,0.2614517955337727,0.5050658258900476,A
Brentford,Crystal Palace,37,25_26,0.4216979993283217,0.2210364262471607,0.3572655744245177,H
Chelsea,Tottenham,37,25_26,0.5055817602060018,0.18855590587279045,0.30586233392120754,H
Everton,Sunderland,37,25_26,0.5209450818423813,0.2512565803124873,0.2277983378451316,H
Leeds,Brighton,37,25_26,0.3446136107618183,0.20967849340368713,0.44570789583449455,A
Man United,Nott'm Forest,37,25_26,0.5519026062893031,0.25534277372470593,0.19275461998599105,H
Newcastle,West Ham,37,25_26,0.5907445554618564,0.22099556583706748,0.18825987870107602,H
Wolves,Fulham,37,25_26,0.29779769923986116,0.295520372222803,0.4066819285373359,A
Brighton,Man United,38,25_26,0.3860602779475437,0.28378390197586345,0.33015582007659283,H
Burnley,Wolves,38,25_26,0.244905733477934,0.2233533128093112,0.531740953712755,A
Crystal Palace,Arsenal,38,25_26,0.3282807279736314,0.2612068341688953,0.4105124378574733,A
Fulham,Newcastle,38,25_26,0.44946074367491606,0.2008682854992432,0.3496709708258409,H
Liverpool,Brentford,38,25_26,0.7196939841580133,0.15531128829328134,0.1249947275487055,H
Man City,Aston Villa,38,25_26,0.6599209483467287,0.21203002625656459,0.1280490253967067,H
Nott'm Forest,Bournemouth,38,25_26,0.7137355263135987,0.1377930279251804,0.14847144576122087,H
Sunderland,Chelsea,38,25_26,0.0916865970564753,0.16615031076620124,0.7421630921773239,A
Tottenham,Everton,38,25_26,0.4622762521150971,0.22565029418900068,0.31207345369590245,H
West Ham,Leeds,38,25_26,0.5593600636542934,0.20020672828855748,0.24043320805714927,H
